((("abs" .
   [1 0 0])
  ("answer_s" .
   [1 0 0 0 0 0 0 0])
  ("test" .
   [6 0 0 1])
  ("yuragi_sub" .
   [2 0 0 0 0 0 0 1 0 0])
  ("total2" .
   [3 0 0 0 0 0])
  ("total" .
   [4 0 0 0 0])
  ("length" .
   [0 0 0 2 0 0])
  ("dwStr" .
   [0 0 0 1 0])
  ("find_dayweek" .
   [2 0 0 0 0 0 0 0 0 0 0 0])
  ("date" .
   [2 0 0 0])
  ("separate_number" .
   [1 0 2 0 0 0 0 0 0 0 0 0 0 0 0])
  ("last2" .
   [4 0 0 0 0])
  ("last" .
   [6 0 0 0])
  ("math" .
   [1 0 0 0])
  ("java" .
   [1 0 0 0])
  ("list" .
   [1 0 0 0])
  ("value" .
   [0 0 1 0 0])
  ("New" .
   [1 0 0])
  ("test1_1" .
   [0 0 0 1 0 0 2])
  ("Numeral" .
   [0 0 2 1 1 0 0])
  ("public" .
   [1 0 0 0 1 0])
  ("suu" .
   [7 0 0])
  ("getSuu" .
   [0 0 0 1 1 1])
  ("ArrayList" .
   [1 0 0 0 1 4 1 0 0])
  ("su" .
   [6 0])
  ("kazuList" .
   [2 0 0 0 0 0 2 1])
  ("Suu" .
   [2 0 0])
  ("su1" .
   [1 0 0])
  ("args" .
   [1 0 0 0])
  ("setSuu" .
   [0 0 0 1 0 0])
  ("kazu" .
   [4 0 0 0])
  ("String" .
   [3 0 0 0 0 0])
  ("get" .
   [21 0 0])
  ("getName" .
   [1 0 0 0 0 0 0])
  ("sanshin" .
   [16 0 0 0 0 0 1])
  ("num" .
   [14 0 0])
  ("createSanshin" .
   [0 0 0 1 0 0 1 0 0 0 0 0 0])
  ("getSanshin" .
   [0 0 0 0 0 1 0 0 0 0])
  ("string" .
   [2 0 0 0 0 0])
  ("name" .
   [3 0 0 0])
  ("setName" .
   [1 0 0 0 0 0 0])
  ("System" .
   [3 0 0 3 1 0])
  ("out" .
   [5 0 0])
  ("println" .
   [6 0 0 0 1 1 0])
  ("MAX" .
   [17 0 3])
  ("Math" .
   [4 0 1 0])
  ("pow" .
   [3 0 0])
  ("atai" .
   [10 0 0 0])
  ("input" .
   [6 0 0 0 0])
  ("sansan" .
   [0 0 0 0 0 1])
  ("tmp" .
   [4 0 0])
  ("tmp2" .
   [9 0 0 0])
  ("issosu" .
   [1 0 0 0 1 0])
  ("sosu" .
   [4 0 0 0])
  ("Sosu" .
   [4 0 0 0])
  ("sosuHantei" .
   [0 0 0 0 0 1 0 0 0 0])
  ("true" .
   [1 0 0 0])
  ("add" .
   [12 0 0])
  ("Integer" .
   [3 0 2 0 0 1 0])
  ("size" .
   [8 0 0 0])
  ("viewAtai" .
   [0 0 0 2 0 0 0 0])
  ("format" .
   [1 0 0 0 0 0])
  ("pattern" .
   [20 0 0 2 0 0 1])
  ("start" .
   [13 0 0 0 0])
  ("printf" .
   [10 0 0 0 0 0])
  ("PRINTF" .
   [1 0 0 0 0 0])
  ("DEBUGPRINTF" .
   [0 0 3 0 0 0 0 0 0 0 0])
  ("yuragi" .
   [12 0 1 0 1 0])
  ("count" .
   [5 0 0 0 0])
  ("count2" .
   [8 0 0 0 0 0])
  ("ans" .
   [12 0 0])
  ("import" .
   [0 0 0 0 1 0])
  ("main" .
   [1 0 0 0])
  ("JFrame" .
   [2 0 0 0 0 0])
  ("frame" .
   [1 0 0 0 0])
  ("answer" .
   [6 0 0 0 0 0])
  ("answer_f" .
   [1 0 0 0 0 0 0 0])
  ("break" .
   [0 0 1 0 1])))
